0
1, 2, 3, 4, 5, 6, 7, 8, 9, 29, 32, 33, 34, 79, 80, 104, 105, 108, 111, 112, 115, 131, 143, 152, 153, 154, 158, 159, 160, 179, 180, 181, 199, 246, 247, 248, 252, 253, 254, 258, 259, 260, 293, 294, 295, 304, 305, 306, 357, 387, 388, 389, 408, 409, 410, 411, 443, 444, 445, 459, 460, 463, 464
7, 8, 9, 54, 55, 60, 61, 62, 79, 80, 86, 87, 116, 117, 131, 138, 139, 140, 141, 147, 148, 149, 158, 159, 160, 183, 184, 186, 194, 195, 199, 222, 223, 224, 225, 226, 230, 258, 259, 260, 270, 271, 272, 278, 279, 283, 284, 341, 342, 349, 350, 363, 364, 365, 366, 367, 368, 369, 393, 394, 395, 399, 400, 418, 419, 422, 423, 489, 490, 534, 535
10, 11, 12, 13, 14, 15, 46, 47, 48, 49, 123, 127, 165, 166, 167, 168, 193, 204, 205, 207, 212, 213, 214, 265, 266, 267, 268, 269, 283, 284, 290, 291, 313, 314, 328, 329, 330, 401, 402, 412, 413, 414, 415, 416, 451, 452, 469, 472, 527, 528, 529, 530, 531, 532
16, 17, 18, 21, 22, 41, 42, 83, 84, 85, 142, 163, 164, 169, 176, 177, 178, 198, 227, 276, 277, 278, 279, 333, 334, 396, 397, 398, 430, 441, 468
19, 20, 23, 24, 25, 26, 27, 28, 29, 32, 33, 34, 37, 38, 50, 51, 52, 53, 54, 55, 56, 57, 58, 59, 77, 78, 83, 86, 87, 111, 112, 128, 133, 134, 135, 136, 155, 156, 157, 161, 162, 179, 180, 181, 190, 194, 195, 196, 197, 203, 206, 209, 210, 215, 216, 217, 220, 221, 225, 228, 229, 231, 232, 234, 235, 241, 255, 256, 257, 261, 262, 263, 264, 273, 274, 275, 287, 288, 289, 293, 294, 295, 300, 301, 303, 309, 310, 320, 321, 322, 323, 324, 325, 326, 327, 335, 336, 352, 359, 363, 364, 365, 390, 391, 392, 393, 394, 395, 399, 400, 403, 404, 405, 417, 418, 419, 424, 427, 428, 431, 432, 434, 435, 448, 449, 450, 461, 464, 470, 471, 473
25, 26, 35, 36, 39, 40, 113, 176, 183, 184, 187, 188, 189, 209, 210, 242, 285, 286, 300, 301, 303, 311, 312, 315, 351, 361, 362, 407, 417, 420, 421, 468, 478, 489, 490, 521, 522, 523, 533
1, 2, 3, 43, 44, 45, 46, 47, 69, 70, 71, 102, 103, 114, 152, 153, 154, 182, 187, 188, 189, 191, 192, 270, 271, 272, 273, 274, 275, 285, 286, 315, 331, 332, 357, 387, 388, 389, 407, 420, 421, 455, 459, 460, 465, 533
63, 64, 65, 66, 67, 68, 96, 97, 106, 107, 122, 124, 125, 126, 237, 280, 281, 282, 296, 297, 302, 307, 308, 313, 314, 327, 331, 332, 390, 391, 392, 427, 428, 448, 453, 454, 466, 467, 475
72, 73, 90, 91, 98, 99, 120, 121, 138, 139, 140, 141, 222, 341, 342, 345, 346, 347, 348, 451, 452
74, 75, 76, 81, 82, 95, 100, 101, 137, 185, 208, 233, 292, 299, 337, 338, 343, 344, 361, 362, 374, 375, 376, 436, 437, 462, 474, 476, 478
88, 89, 92, 93, 94, 109, 110, 200, 202, 218, 219, 280, 281, 282, 316, 317, 351, 353, 354, 355, 356, 358, 422, 423, 425, 426, 429, 442, 475, 477, 479, 521, 522, 523, 534, 535, 536, 537, 538, 539, 540
118, 119, 129, 130, 170, 171, 211, 223, 224, 318, 319, 320, 321, 339, 340, 369, 370, 456, 457
132
4, 5, 6, 23, 24, 116, 117, 129, 130, 147, 148, 149, 230, 252, 253, 254, 328, 329, 330, 333, 334, 336, 349, 350, 371, 372, 373, 443, 444, 445
30, 31, 144, 145, 146, 150, 151, 172, 173, 174, 175, 201, 236, 238, 239, 240, 243, 244, 245, 249, 250, 251, 298, 360, 377, 378, 379, 380, 381, 382, 383, 384, 385, 386, 406, 433, 438, 439, 440, 446, 447, 458, 480, 481, 482, 483, 484, 485, 486, 487, 488, 491, 492, 493, 494, 495, 496, 497, 498, 499, 500, 501, 502, 503, 504, 505, 506, 507, 508, 509, 510, 511, 512, 513, 514, 515, 516, 517, 518, 519, 520, 524, 525, 526, 541, 542, 543, 544, 545, 546, 547, 548, 549, 550, 551, 552, 553, 554, 555, 556, 557, 558, 559