264
337
352
347
46
92
258
339
331
526
241
269
58
59
63
113
182
240
202
219
605
76
231
85
87
89
490
91
94
247
280
104
115
351
53
188
201
126
317
332
259
263
521
156
213
168
211
285
503
315
355
411
412
206
362
374
451
203
406
409
261
405
417
153
421
371
278
416
397
148
444
419
86
360
14
446
244
555
399
157
404
214
523
398
138
447
207
365
369
164
430
433
15
19
57
70
432
249
127
431
14
34
53
56
57
58
59
67
85
87
89
94
97
116
118
126
127
133
141
161
164
179
188
191
200
473
203
214
224
226
227
231
242
247
248
253
257
269
271
276
285
299
304
315
322
330
334
337
339
347
348
349
360
370
390
394
396
398
399
402
404
405
406
408
411
412
413
414
417
428
430
437
438
441
442
444
446
447
482
484
486
492
500
502
503
526
528
529
535
542
583
599
605
663
667
675
676
706
710
776
5
